<?xml version="1.0"?>
<opencv_storage>
<nums>2</nums>
<poses><_ type_id="opencv-matrix">
    <rows>1</rows>
    <cols>7</cols>
    <dt>f</dt>
    <data>
      -4.52822113e+00 5.14202937e-02 -1.22091171e-06 -1.61458808e-03
      8.38640786e-04 -8.63403082e-02 9.96264040e-01</data></_>
  <_ type_id="opencv-matrix">
    <rows>1</rows>
    <cols>7</cols>
    <dt>f</dt>
    <data>
      5.70131588e+00 8.52139115e-01 4.57651822e-06 -1.04047754e-03
      -2.81434623e-03 9.99930561e-01 1.13960691e-02</data></_></poses>
<init_pose_flag>1</init_pose_flag>
<init_pose type_id="opencv-matrix">
  <rows>1</rows>
  <cols>7</cols>
  <dt>f</dt>
  <data>
    5.70130968e+00 8.52139354e-01 4.76294736e-06 -8.54013953e-04
    -2.98898830e-03 9.99927223e-01 1.16594415e-02</data></init_pose>
</opencv_storage>
