<?xml version="1.0"?>
<opencv_storage>
<nums>2</nums>
<poses><_ type_id="opencv-matrix">
    <rows>1</rows>
    <cols>7</cols>
    <dt>f</dt>
    <data>
      5.25319290e+00 -5.89564323e-01 0. 0. 0. 9.99817491e-01
      -1.91047993e-02</data></_>
  <_ type_id="opencv-matrix">
    <rows>1</rows>
    <cols>7</cols>
    <dt>f</dt>
    <data>
      -3.36531401e+00 3.53565007e-01 0. 0. 0. -2.63415407e-02
      9.99652982e-01</data></_></poses>
<init_pose_flag>1</init_pose_flag>
<init_pose type_id="opencv-matrix">
  <rows>1</rows>
  <cols>7</cols>
  <dt>f</dt>
  <data>
    5.70130968e+00 8.52139354e-01 4.76294736e-06 -8.54013953e-04
    -2.98898830e-03 9.99927223e-01 1.16594415e-02</data></init_pose>
</opencv_storage>
