<?xml version="1.0"?>
<opencv_storage>
<nums>2</nums>
<poses><_ type_id="opencv-matrix">
    <rows>1</rows>
    <cols>7</cols>
    <dt>f</dt>
    <data>
      1.13786292e+00 1.60214514e-01 0. 0. 0. 9.98084605e-01
      -6.18633628e-02</data></_>
  <_ type_id="opencv-matrix">
    <rows>1</rows>
    <cols>7</cols>
    <dt>f</dt>
    <data>
      -3.34683037e+00 3.32065165e-01 0. 0. 0. -3.45308632e-02
      9.99403656e-01</data></_></poses>
<init_pose_flag>1</init_pose_flag>
<init_pose type_id="opencv-matrix">
  <rows>1</rows>
  <cols>7</cols>
  <dt>f</dt>
  <data>
    5.70130968e+00 8.52139354e-01 4.76294736e-06 -8.54013953e-04
    -2.98898830e-03 9.99927223e-01 1.16594415e-02</data></init_pose>
</opencv_storage>
